4294967294,14
4294967294,127
4294967294,126
4294967294,20
4294967294,13
4294967294,182
4294967294,163
4294967294,190
4294967294,967
617,5
617,4
617,3
617,2
617,1
4294967279,281
4294967278,311
4294967279,290
4294967279,278
4294967278,255
4294967279,349
616,4
616,3
616,2
616,1
615,4
4294967279,240
615,3
615,2
615,1
4294967294,487
4294967278,524
614,4
614,3
614,2
614,1
4294967279,226
613,10
613,9
613,8
613,7
613,6
613,5
613,4
613,3
613,2
613,1
612,10
612,9
612,8
612,7
612,6
612,5
612,4
612,3
612,2
612,1
4294967278,546
4294967279,325
611,48
4294967278,219
611,47
611,46
611,36
611,45
611,44
611,43
611,42
611,29
611,41
611,40
611,18
611,39
611,16
611,38
611,37
611,35
611,25
611,24
611,34
611,33
4294967278,217
611,32
611,31
611,30
611,15
611,28
611,27
611,26
611,20
611,23
611,22
4294967278,215
611,21
611,19
611,17
611,7
611,6
611,5
611,14
611,13
611,12
611,11
611,10
611,9
611,8
4294967278,201
611,4
611,3
611,2
611,1
4294967278,570
4294967278,194
610,37
610,28
610,36
610,14
610,35
610,34
610,15
610,33
610,23
610,32
610,22
610,31
4294967279,390
610,30
610,26
610,29
610,21
610,27
610,19
610,25
610,24
610,17
610,20
610,13
610,18
610,16
610,7
610,12
610,6
610,5
610,11
610,10
610,9
610,8
610,4
610,3
610,2
610,1
609,4
609,3
609,2
609,1
4294967294,486
4294967294,176
4294967294,170
4294967294,162
608,4
608,3
608,2
608,1
4294967279,385
4294967279,173
4294967279,276
4294967279,171
4294967278,169
607,4
607,3
607,2
607,1
4294967278,531
4294967279,284
4294967279,270
606,6
606,5
606,4
606,3
606,2
606,1
4294967279,344
605,6
605,5
605,4
605,3
605,2
605,1
4294967294,419
4294967294,420
4294967294,948
4294967294,183
4294967294,946
4294967294,167
4294967294,416
4294967294,448
4294967294,454
4294967294,111
4294967294,450
4294967294,191
4294967294,112
4294967279,417
4294967278,288
4294967278,147
604,7
4294967279,147
604,6
604,5
604,4
4294967278,145
604,3
604,2
604,1
4294967278,287
4294967279,389
4294967278,562
603,7
603,6
4294967279,334
4294967278,560
603,5
603,4
603,3
603,2
603,1
4294967278,559
4294967278,133
602,4
602,3
602,2
602,1
4294967279,267
601,4
601,3
601,2
601,1
4294967279,422
4294967279,261
4294967278,535
4294967294,436
4294967278,341
4294967279,418
4294967279,274
4294967294,1035
4294967278,234
4294967294,1034
4294967294,942
4294967294,922
4294967294,828
4294967294,941
4294967294,830
4294967279,421
4294967278,220
4294967294,57
4294967294,55
4294967294,1027
4294967294,1026
4294967294,66
4294967294,65
4294967294,64
4294967294,63
4294967294,62
4294967294,56
4294967278,212
600,5
600,4
600,2
600,1
4294967278,207
4294967279,420
599,4
599,3
599,2
599,1
4294967294,485
598,4
598,3
598,2
598,1
4294967279,419
4294967279,301
597,4
597,3
597,2
597,1
4294967278,188
4294967278,174
4294967279,174
4294967278,555
596,10
596,9
596,8
596,7
596,6
596,5
596,4
596,2
596,1
595,10
595,9
595,8
595,7
595,6
595,5
595,4
595,3
595,2
595,1
4294967278,553
100,3
4294967278,320
4294967279,379
594,48
4294967279,194
594,47
594,46
594,36
594,45
594,44
594,43
594,42
594,29
594,41
594,40
594,18
594,39
594,16
594,38
594,37
594,35
594,25
594,24
594,34
594,33
594,32
594,31
594,30
594,15
594,28
594,27
594,26
594,20
594,23
594,22
594,21
594,19
594,17
594,7
594,6
594,5
594,14
594,13
594,12
594,11
594,10
594,9
594,8
4294967278,165
594,4
594,3
594,2
594,1
4294967294,484
4294967294,396
4294967294,409
4294967294,399
4294967294,1415
4294967294,949
4294967294,385
4294967294,407
4294967294,415
4294967294,406
4294967294,414
4294967294,168
4294967294,444
4294967294,398
4294967294,456
4294967294,418
4294967294,460
4294967294,180
4294967294,108
4294967294,169
4294967294,412
4294967294,397
4294967279,406
593,37
593,28
593,36
593,14
593,35
593,34
593,15
593,33
593,23
593,32
593,22
593,31
593,30
593,26
593,29
593,21
593,27
593,19
593,25
4294967278,137
593,24
593,17
593,20
593,13
593,18
593,16
593,7
4294967278,186
593,12
593,6
593,5
593,11
593,10
593,9
593,8
4294967278,339
4294967279,158
593,4
593,2
593,1
4294967294,173
4294967278,565
4294967294,389
4294967294,428
592,4
592,3
592,2
592,1
4294967278,530
591,4
591,3
591,2
591,1
4294967278,315
590,4
590,3
590,2
590,1
4294967278,334
4294967278,550
4294967279,416
4294967278,537
589,6
589,5
4294967279,279
589,4
589,2
589,1
4294967279,415
4294967278,342
4294967279,414
4294967279,262
588,6
588,5
588,4
588,2
588,1
4294967278,323
4294967279,373
4294967278,338
587,7
587,6
587,5
4294967278,257
587,4
587,3
587,2
587,1
4294967294,439
4294967294,392
4294967294,390
4294967294,114
4294967294,115
4294967294,120
95,3
94,3
4294967279,378
4294967279,260
586,7
586,6
4294967278,513
4294967294,905
4294967294,186
4294967279,289
586,5
586,4
586,3
586,2
586,1
4294967294,921
4294967294,40
4294967294,38
4294967294,37
4294967278,248
585,4
585,3
585,2
585,1
4294967278,240
4294967278,343
4294967279,2
584,4
584,3
584,2
584,1
4294967279,230
4294967294,1
4294967294,483
4294967294,2
4294967294,468
4294967294,904
4294967294,424
4294967294,107
4294967294,413
4294967294,950
4294967294,29
4294967294,951
4294967294,28
4294967294,27
4294967294,393
4294967294,45
4294967294,1416
4294967294,44
4294967278,224
4294967294,97
4294967294,104
4294967294,106
4294967294,166
4294967294,24
4294967294,189
4294967294,184
4294967294,384
4294967294,26
4294967294,185
4294967294,1413
4294967294,920
4294967294,1033
4294967294,1032
4294967294,12
4294967294,1031
4294967294,60
4294967294,61
101,4
100,4
93,4
4294967294,68
4294967294,11
4294967278,132
4294967278,131
4294967278,130
4294967278,129
4294967278,128
4294967278,127
4294967278,126
4294967278,125
4294967278,124
4294967278,122
4294967278,121
4294967278,120
4294967278,119
4294967278,118
4294967278,117
4294967278,116
4294967278,115
4294967278,114
4294967278,113
4294967278,112
4294967278,111
4294967278,110
4294967278,109
4294967278,108
4294967278,107
4294967278,106
4294967278,105
4294967278,104
4294967278,103
4294967278,102
4294967278,98
4294967278,97
4294967278,96
4294967278,95
4294967278,94
4294967278,92
4294967278,91
4294967278,90
4294967278,89
4294967278,87
4294967278,85
4294967278,84
4294967278,83
4294967278,82
4294967278,81
4294967278,80
4294967278,78
4294967278,77
4294967278,76
4294967278,75
4294967278,74
4294967278,73
4294967278,72
4294967278,71
4294967278,69
4294967278,68
4294967278,67
4294967278,66
4294967278,65
4294967278,64
4294967278,63
4294967278,62
4294967278,61
4294967278,60
4294967278,59
4294967278,58
4294967278,57
4294967278,56
4294967278,55
4294967278,54
4294967278,53
4294967278,52
4294967278,51
4294967278,50
4294967278,49
4294967278,48
4294967278,47
4294967278,46
4294967278,45
4294967278,44
4294967278,43
4294967278,42
4294967278,41
4294967278,40
4294967279,79
4294967279,78
4294967279,77
4294967279,76
4294967279,75
4294967279,73
4294967279,72
4294967279,71
4294967279,70
4294967279,69
4294967279,68
4294967279,67
4294967279,66
4294967279,65
4294967279,64
4294967279,63
4294967279,62
4294967279,61
4294967279,60
4294967279,59
4294967279,58
4294967279,57
4294967279,56
4294967279,54
4294967279,53
4294967279,52
4294967279,51
4294967279,50
4294967279,48
4294967279,47
4294967279,46
4294967279,45
4294967279,44
4294967279,43
4294967279,42
4294967279,41
4294967279,40
4294967279,39
4294967279,38
4294967279,37
4294967279,36
4294967279,35
4294967279,34
4294967279,33
4294967279,32
4294967279,31
4294967279,30
4294967279,29
4294967279,28
4294967279,27
4294967279,26
4294967279,25
4294967279,24
4294967279,23
4294967279,22
4294967279,21
4294967279,20
4294967279,19
4294967279,18
4294967279,16
4294967279,15
4294967279,14
4294967279,13
4294967279,12
4294967279,11
4294967279,10
4294967279,9
4294967279,8
4294967279,7
4294967279,6
4294967279,5
4294967279,4
4294967279,377
4294967278,100
4294967279,88
4294967278,99
583,5
583,4
583,2
583,1
582,4
